data <- c(10,11,12,13,14,15,16,17,18)
mtx <- matrix(data,nrow=3,ncol=3,byrow=TRUE)
mtx